
Attaching package: 'coda'

The following object is masked from 'package:jagsUI':

    traceplot


Attaching package: 'dplyr'

The following objects are masked from 'package:stats':

    filter, lag

The following objects are masked from 'package:base':

    intersect, setdiff, setequal, union

--- Pop[t] ---
 year Pop
 2008  NA
 2009  NA
 2010 205
 2011  NA
 2012  NA
 2013 160
 2014 212
 2015 229
 2016  NA
 2017 240
 2018 237
 2019 203
 2020 188
 2021 182
 2022 223
 2023 206
years contributing to the state-space likelihood: 11 of 16 

running 3 chains x 60000 iterations (parallel)

Processing function input....... 

Done. 
 
Beginning parallel processing using 3 cores. Console output will be suppressed.

Parallel processing completed.

Calculating statistics....... 

Done. 
elapsed: 139.8 min

=== convergence ===
** Rhat > 1.1 for 47 parameters:
        parameter       mean          sd       q2.5        q50      q97.5
       Nprot[1,1] 111.362639 49.12931607 17.0467821 115.575516 197.150829
       Nprot[1,2] 113.484216 49.22381864 17.6884717 118.155420 197.461858
       Nprot[1,3] 115.666077 49.33976788 18.2438729 120.902234 198.239148
       Nprot[1,4] 117.909759 49.47935992 18.8589847 123.857836 199.070522
       Nprot[1,5] 120.216955 49.64508792 19.6575668 126.699870 199.645044
       Nprot[1,6] 122.589495 49.83974428 20.3006122 129.767726 200.735824
       Nprot[1,7] 125.029335 50.06642575 21.0263314 132.912545 201.896432
       Nprot[1,8] 127.538549 50.32854009 21.7408864 136.060039 203.163610
       Nprot[1,9] 130.119325 50.62981361 22.6087387 139.087911 204.846205
 lambda.prot[1,1]   1.023024  0.01389931  0.9984014   1.021997   1.052470
 lambda.prot[1,2]   1.023039  0.01389585  0.9984134   1.022005   1.052492
 lambda.prot[1,3]   1.023050  0.01389309  0.9984216   1.022016   1.052500
 lambda.prot[1,4]   1.023059  0.01389091  0.9984362   1.022023   1.052503
 lambda.prot[1,5]   1.023065  0.01388918  0.9984475   1.022028   1.052505
 lambda.prot[1,6]   1.023070  0.01388781  0.9984561   1.022031   1.052506
     Rhat n.eff
 1.258229    12
 1.251670    12
 1.244806    12
 1.237640    12
 1.230174    13
 1.222417    13
 1.214381    13
 1.206081    14
 1.197540    14
 1.190043    15
 1.190024    15
 1.190008    15
 1.189995    15
 1.189985    15
 1.189977    15
minimum effective sample size (stochastic nodes): 12 

--- annual apparent survival [ageclass, sex, protection] ---
          parameter  mean    sd  q2.5   q50 q97.5  Rhat
 surv.annual[1,1,1] 0.841 0.020 0.800 0.842 0.878 1.013
 surv.annual[2,1,1] 0.887 0.015 0.857 0.887 0.915 1.019
 surv.annual[3,1,1] 0.921 0.013 0.894 0.922 0.946 1.010
 surv.annual[4,1,1] 0.871 0.011 0.848 0.871 0.892 1.019
 surv.annual[1,2,1] 0.713 0.031 0.651 0.714 0.772 1.000
 surv.annual[2,2,1] 0.790 0.025 0.741 0.791 0.836 1.002
 surv.annual[3,2,1] 0.851 0.023 0.803 0.852 0.895 1.002
 surv.annual[4,2,1] 0.763 0.023 0.716 0.763 0.807 1.000
 surv.annual[1,1,2] 0.745 0.032 0.680 0.746 0.804 1.011
 surv.annual[2,1,2] 0.815 0.026 0.762 0.816 0.862 1.015
 surv.annual[3,1,2] 0.870 0.022 0.825 0.870 0.911 1.007
 surv.annual[4,1,2] 0.791 0.020 0.750 0.791 0.828 1.013
 surv.annual[1,2,2] 0.567 0.044 0.480 0.568 0.653 1.000
 surv.annual[2,2,2] 0.673 0.040 0.591 0.673 0.748 1.001
 surv.annual[3,2,2] 0.761 0.037 0.684 0.762 0.831 1.000
 surv.annual[4,2,2] 0.634 0.037 0.559 0.635 0.704 1.001

--- effects on logit(phi) ---
 parameter   mean    sd   q2.5    q50  q97.5  Rhat
  beta.sex -0.690 0.104 -0.894 -0.690 -0.490 1.021
 beta.prot -0.542 0.107 -0.750 -0.543 -0.336 1.002

--- fecundity ---
 parameter  mean    sd   q2.5   q50 q97.5  Rhat
     alpha 0.795 0.091  0.611 0.797 0.967 1.026
       psi 0.214 0.023  0.171 0.213 0.261 1.033
  gamma[1] 0.000 0.000  0.000 0.000 0.000    NA
  gamma[2] 0.192 0.224 -0.252 0.190 0.628 1.005
    fec[1] 0.475 0.057  0.374 0.471 0.596 1.096
    fec[2] 0.585 0.126  0.364 0.577 0.848 1.036

--- total population size ---
 parameter    mean     sd    q2.5     q50   q97.5  Rhat
   Ntot[1] 207.770 21.826 166.072 207.053 253.854 1.007
   Ntot[2] 206.776 19.696 168.468 206.181 247.967 1.007
   Ntot[3] 206.000 17.716 171.324 205.590 242.746 1.007
   Ntot[4] 205.432 15.888 174.011 205.182 238.315 1.007
   Ntot[5] 205.066 14.218 176.698 204.952 234.287 1.007
   Ntot[6] 204.895 12.724 179.479 204.876 230.887 1.006
   Ntot[7] 204.914 11.437 181.820 204.947 228.033 1.006
   Ntot[8] 205.118 10.402 184.336 205.095 225.976 1.005
   Ntot[9] 205.503  9.676 186.294 205.484 224.674 1.004
  Ntot[10] 206.065  9.318 187.736 206.072 224.475 1.002
  Ntot[11] 206.800  9.364 188.270 206.753 225.346 1.001
  Ntot[12] 207.705  9.811 188.140 207.639 227.298 1.000
  Ntot[13] 208.779 10.619 187.477 208.762 230.048 1.000
  Ntot[14] 210.019 11.727 186.804 209.894 233.552 1.001
  Ntot[15] 211.423 13.077 185.550 211.194 237.966 1.002
  Ntot[16] 212.991 14.625 184.305 212.723 242.850 1.002

--- population growth rate ---
      parameter  mean    sd  q2.5   q50 q97.5  Rhat
  lambda.tot[1] 0.996 0.012 0.973 0.997 1.018 1.007
  lambda.tot[2] 0.997 0.011 0.975 0.997 1.019 1.006
  lambda.tot[3] 0.998 0.011 0.976 0.998 1.019 1.006
  lambda.tot[4] 0.999 0.011 0.978 0.999 1.020 1.005
  lambda.tot[5] 1.000 0.010 0.979 1.000 1.020 1.005
  lambda.tot[6] 1.001 0.010 0.981 1.000 1.021 1.005
  lambda.tot[7] 1.001 0.010 0.982 1.001 1.021 1.005
  lambda.tot[8] 1.002 0.010 0.983 1.002 1.022 1.006
  lambda.tot[9] 1.003 0.010 0.984 1.003 1.023 1.006
 lambda.tot[10] 1.004 0.010 0.985 1.003 1.023 1.007
 lambda.tot[11] 1.004 0.010 0.986 1.004 1.024 1.007
 lambda.tot[12] 1.005 0.010 0.986 1.005 1.025 1.008
 lambda.tot[13] 1.006 0.010 0.987 1.006 1.025 1.009
 lambda.tot[14] 1.006 0.010 0.988 1.006 1.026 1.011
 lambda.tot[15] 1.007 0.010 0.988 1.007 1.027 1.012

--- variance components ---
 parameter   mean    sd   q2.5    q50  q97.5  Rhat
   sigma.p  1.209 0.070  1.079  1.206  1.356 1.007
   sigma.c 29.945 8.312 18.484 28.414 50.384 1.000

Saved output/ipm_samples.RDS, output/ipm_summary.csv, output/ipm_diagnostics.pdf
